-0.00546479
-0.000734628
4.75E-05
-0.00460893
-0.00265022
-0.00144976
-0.00335651
-0.00689076
-0.00460639
-0.00257378
-0.00395187
-0.00620549
-0.00518964
-0.00251307
-0.000414702
-0.00268424
-0.000753688
-0.00110163
-0.000829291
-0.00137507
-0.00357552
-0.00305277
-0.00395334
-0.00546065
-0.00235289
-0.00155089
-0.00300278
-0.00536301
-0.00822134
-0.0100394
-0.00402878
-0.00111067
0.000560073
0.000991657
-0.00284547
-0.00660467
-0.00804535
-0.0033824
-0.00122096
-0.00139764
0.00204413
-0.00310834
-0.00531281
-0.00333324
-0.00275411
-0.00223376
-6.37E-05
-0.00248149
-0.00496872
-0.00632543
-0.00493819
-0.00649929
-0.00654946
-0.00116038
0.000484635
9.83E-05
0.000114436
-0.00258893
-0.00375246
-0.00620023
-0.00770157
-0.00484771
-0.00295744
0.000360208
-0.00305836
-0.00249716
-0.00519459
-0.00353286
-0.00337363
0.00019083
0.00031981
-0.00230275
-0.00624703
-0.00854384
-0.0081294
-0.00140723
0.00326555
-0.00160061
-0.006864
-0.0077999
-0.011153
-0.00997653
0.00110936
0.0194381
0.0106167
0.00450205
0.00127059
-0.0128987
-0.0476095
-0.0234563
0.000857033
0.00808569
0.0282056
0.0266438
-0.000499832
-0.0268912
-0.0219102
-0.00512663
0.00560208
-0.00153785
-0.00422122
0.00154634
0.001209
-0.00453966
-0.00494909
-0.00449654
-0.00918072
-0.008145
-0.00607906
-0.00454489
-0.00753672
-0.00743157
0.000454192
0.00263248
0.00029834
-0.0002638
-0.00132226
0.00103913
0.000363315
-0.00492719
-0.00401458
-0.00797802
-0.00707346
-0.00622296
-0.00654218
-0.00394593
-0.00110909
-0.00106809
-0.00127736
-4.23E-05
0.000442913
-0.00257854
-0.00621426
-0.0048272
-0.00273968
-0.00310783
-0.00183469
-0.00276226
-0.0047837
-0.00300364
-0.00455777
-0.00307107
-0.000121881
-0.00286139
-0.00628815
-0.00894534
-0.00727974
0.000577435
0.0121237
-0.000175079
-0.0365053
-0.00185918
0.00691055
0.00129982
0.00923096
0.0012711
-0.0102591
-0.00452394
-0.00575678
-0.00725353
-0.002496
-0.00331048
-0.00375218
-0.00176338
-0.000800302
-0.00165077
-0.00436474
-0.00560098
-0.00272293
0.00193281
-0.00213026
-0.00688114
-0.00870221
-0.0064892
-0.00333119
-0.00757608
-0.00263992
7.77E-06
0.00318749
-0.00122066
-0.00750764
-0.00237622
-0.00214616
-0.00367913
-0.00219843
-0.00253179
-0.00428942
-0.00542295
-0.00304013
-0.00154778
0.000376588
0.000782847
-0.00287702
-0.00555449
-0.0019857
-0.00261224
-0.00528626
-0.00557004
-0.00496633
-0.00495207
-0.00762986
-0.00655097
-0.00289997
-0.00260162
-0.00181308
0.000636856
-0.001064
-0.00145466
-0.00242585
-0.00240668
-0.00428652
-0.00140081
-0.00250293
-0.00335768
-0.00477667
-0.00519268
-0.00290426
-0.00274302
-0.00370428
-0.00196604
-0.00248936
-0.00402816
-0.00588168
-0.00323898
-0.00625866
-0.00422973
-0.00284593
0.00163545
-0.000308812
-0.00261664
-0.003496
-0.00304212
-0.00491514
-0.00312287
-0.00337313
-0.00755223
-0.0054933
-0.00200879
-0.00152216
0.000168601
-0.00404953
-0.00422851
-0.0042087
-0.00177571
-0.00176875
-0.00235559
-0.00367691
-0.00455666
-0.00220368
-0.00262397
-0.00822679
-0.00343408
0.000277322
-0.000136277
-0.00481366
-0.0046727
-0.00117936
-0.00370594
-0.00340592
-0.0037452
-0.00501251
-0.00562569
-0.00295438
-0.00159304
-0.00170472
-0.00243768
-0.00205711
-0.000540718
-0.0025859
-0.00415358
-0.00499092
-0.00311972
-0.00581095
-0.00317786
-0.00459697
-0.00247016
-0.00411005
-0.00717021
-0.00564425
-0.00287013
-0.00802397
-0.00495728
0.0110794
0.0142388
-0.00060131
-0.00200321
0.000199072
-0.0283668
-0.0342121
-0.00585719
0.00262131
0.0118521
0.0251436
0.00911804
-0.0122407
-0.0159538
-0.00885869
0.00221404
0.00210433
-0.00329362
-0.00515438
-0.0046838
-0.00579126
-0.00329387
-0.00217532
-0.00374378
-0.00373846
-0.0116336
-0.010181
-0.00865299
-0.00432122
-0.00223833
-0.00151924
0.00603165
0.0057858
0.00427485
-0.000538408
-0.004574
-0.00490977
-0.00987209
-0.00929071
-0.00302211
-0.00396214
-0.00613837
-0.00376407
-0.00553537
-0.00553347
-0.000283473
0.00115219
0.00391898
0.00261557
-0.00385946
-0.00566916
-0.00813747
-0.00670327
-0.00129131
-0.00328863
0.000494507
-0.00224644
-0.00614408
-0.00562846
-0.00517715
-0.00669213
-0.00363484
-0.00242632
-0.00135662
0.00039437
0.0022019
0.00824359
-0.0167459
-0.0317879
0.0245807
0.00198612
-3.46E-05
0.00235706
-0.0105164
-0.0131027
-0.00779762
-0.00121864
-0.00478674
-0.00493125
0.000510536
0.00218754
-0.00408079
-0.00775057
-0.00414154
-0.00146266
-0.00120274
0.00119141
-0.00235151
-0.002443
-0.00275269
-0.00118855
-0.00390294
-0.00765142
-0.00900165
-0.00855526
-0.0077753
-0.00375337
-0.00390618
-0.00357439
0.00403755
0.0039248
0.00100225
-0.00261018
-0.00196922
-0.00144161
-0.00554962
-0.00595832
-0.00438183
-0.00305673
-0.00346942
-0.00263237
-0.00510502
-0.00483049
-0.00217548
-0.00270587
-0.00248516
-0.00198468
-0.00396779
-0.00594274
-0.0051783
-0.00598541
-0.0035111
-0.00143912
-0.00231395
-0.00118732
-0.00277237
-0.00378091
-0.0019665
-0.00323818
-0.00276467
-0.000735308
-0.00237946
-0.00414176
-0.00453796
-0.00415357
-0.00297483
-0.00047609
-0.00325737
-0.0042506
-0.00232371
-0.00442011
-0.00263528
-0.00274752
-0.00295339
-0.00239431
-0.00550237
-0.0060462
-0.00357737
-0.00302172
-0.00291889
-0.00585087
-0.00527222
-0.000337876
-0.00221133
-0.00263257
-0.0048444
-0.00351244
-0.00203645
-0.00221912
-0.000731512
-0.00369262
-0.00096186
-0.00325439
-0.00479984
-0.00452252
-0.00345515
-0.00444882
-0.00440806
-0.00201081
-0.000847789
-0.00401757
-0.00410332
-0.00324548
-0.00552799
-0.00372626
-0.00372123
-0.001619
-0.00584676
0.00433916
0.00228659
-0.00136557
-0.00191266
-0.00605293
-0.00711613
-0.00846445
-0.00733499
-0.0056628
-0.00664173
-0.00604303
-0.00555739
0.000996198
-0.00495059
0.000728937
0.00320444
0.00862467
0.00487352
-0.00126183
0.00200318
-0.000903243
-0.0285042
-0.0344249
-0.00967409
-0.00382553
0.017296
0.031551
0.014333
-0.0144687
-0.0207382
-0.0112082
0.00830222
-0.00188992
-0.00825626
-0.0025384
-0.00248927
-0.00602825
-0.0110397
-0.00792044
-4.35E-07
0.00167976
-0.00299622
-0.00477925
-0.00651743
-0.0066947
-0.00494672
-0.00309649
-0.0024834
0.00153244
0.00163567
-0.00398528
-0.00537887
-0.00346224
-0.000592446
-0.0012313
-0.00349203
-0.00249879
-0.00443621
-0.00410657
-0.00524381
-0.00684171
-0.00652169
0.000221217
-0.00150564
-0.00603211
-0.000102042
9.38E-05
-0.00211442
-0.00346001
-0.00104772
-0.00219624
-0.00266004
-0.00705805
-0.00896042
-0.00437807
-0.00201266
-0.00203185
-4.81E-06
-0.00218698
-0.00618637
-0.004958
0.00569915
-0.00752178
-0.0355445
0.0189341
0.00579734
0.00501881
-0.00519989
-0.00775633
-0.00750128
-0.0094305
0.000391276
0.00471933
-0.00367331
-0.00511067
-0.00550932
-0.00202248
-0.000588521
-0.00332435
-0.00518363
-0.00204587
-7.80E-05
-0.00472724
-0.00635968
-0.00510343
-0.00296801
0.000257199
-0.00108204
-0.00268562
-0.00494441
-0.00880354
-0.0105543
-0.013122
-0.00604033
0.00247279
0.00505582
0.00343886
-8.88E-05
-0.00140671
-0.000299933
-0.00158194
-0.0042639
-0.00371868
-0.00307565
-0.0043329
-0.00469848
-0.00406114
-0.00789755
-0.00497456
-0.00117208
-0.00291987
-0.00176386
-0.00368678
-0.00214038
-0.00162018
-0.00211773
-0.00220575
-0.00394183
-0.00352227
-0.00502159
-0.00731263
-0.00751249
-0.00375991
-0.00298245
-0.000289954
1.18E-05
0.000269691
-0.00109554
-0.00341884
-0.00198457
-0.00232853
-0.00271322
-0.00537521
-0.00360282
-0.00446204
-0.00497561
-0.00597199
-0.00471439
-0.00265319
-0.00405643
-0.00316702
-0.0019304
-0.00190127
-0.00232877
-0.00145336
-0.000812656
-0.00294375
-0.00763537
-0.0067401
-0.00599928
-0.00497041
-0.000212247
-0.000245686
-0.000980629
-1.51E-05
5.75E-05
-0.00554543
-0.00602998
-0.00552373
-0.00400521
-0.00311863
-0.00209321
-0.0031185
-0.00630523
-0.00478774
-0.000630268
0.00142962
-0.00129648
-0.00451289
-0.0048904
-0.00516474
-0.00354547
-0.00130016
-0.00284616
-0.00510741
-0.00733531
-0.00692344
-0.00855909
-0.00840184
-0.0036823
0.0102983
0.0162695
0.000906101
-0.000351168
0.00137114
-0.0222671
-0.035766
-0.0117482
-0.00429873
0.0155036
0.0349333
0.0214193
-0.0190929
-0.0290599
-0.0167592
0.00192365
0.0026826
-0.00173981
0.00093689
0.00178529
-0.00429063
-0.00899983
-0.0082845
-0.00507382
0.00104368
-0.00262045
-0.00868844
-0.00560535
-0.00921954
-0.00562391
-0.00241912
-0.000872775
0.00212958
7.47E-05
0.00112869
-0.000705051
-0.00168568
-0.00202316
-0.00587046
-0.0062466
-0.00703203
-0.00696403
-0.00539994
-0.00431238
-0.00190906
0.000616425
-0.00278357
-0.00189513
-0.00118393
-0.00118197
-0.000795891
-0.00282399
-0.00353272
-0.00524836
-0.00404144
-0.00385169
-0.0074862
-0.00418281
-0.00266208
-0.00291146
-0.00426177
-0.00457411
-0.00323802
-0.00494066
-0.00308687
0.00743607
0.00473464
-0.0353492
0.004594
0.00710233
0.00350389
-0.000689169
0.00100709
-0.00129906
-0.00696491
-0.0055749
-0.00826523
-0.005647
-0.00655805
-0.01131
-0.00358833
-0.00174459
0.00691753
-0.00416058
-0.00729712
-5.77E-05
1.26E-05
-0.0077709
-0.00552024
-0.00253951
0.000923117
0.000592735
-0.000696433
-0.000719293
-0.00867561
-0.00813811
-0.00281432
-0.00262495
-0.00116685
4.54E-05
-0.00139239
-0.00596172
-0.0114945
-0.00860146
-0.00534211
0.00233184
0.00136845
0.00023574
-0.00146748
-0.00406411
-0.000129705
-0.00356833
-0.00416767
-0.003595
-0.00497684
-0.00329955
-0.00568232
-0.00523516
-0.00130567
-0.00279071
-0.00445311
-0.00373766
-0.00204422
-0.002382
-0.00234344
-0.00424633
-0.000744943
-0.0103159
-0.000872081
-0.000728622
-0.00193051
-0.00371859
-0.000804097
-0.000217244
-0.00573634
-0.00560613
-0.00443555
-0.00470793
-0.00029167
-0.00448816
-0.00279365
-0.00432337
-0.00196222
-0.00452696
-0.0060427
-0.0046854
0.000708284
-0.000177496
-0.000345491
-0.003295
-0.0071665
-0.00506232
-0.00638738
-0.00546579
-0.00309131
-0.0016745
-0.00115272
-0.00206961
-0.00308744
-0.00525738
-0.00340743
-0.00119485
-0.00108649
-0.00567171
-0.00163507
-0.00336461
-0.00494782
-0.000216831
0.00333969
-0.00218102
-0.00483911
-0.00646686
-0.00714344
-0.00790169
-0.00485454
-0.00296676
-0.0036914
-0.00184786
-0.000347148
-0.00186112
0.00092401
-0.00262321
-0.00759261
-0.00433619
-0.00290381
-0.00187356
-0.00355873
-0.00492793
-0.00607124
-0.00554079
3.72E-05
0.00848318
0.00348461
-0.00431419
-0.00078216
-0.0115158
-0.0316704
-0.0172896
0.00398484
0.00431337
0.0109724
0.0202484
0.00650643
-0.00857369
-0.0189453
-0.00971828
0.000448834
0.00264316
-0.00316174
-0.00649085
-0.00319676
-0.00568324
-0.00430455
-0.00470113
-0.00394104
-0.00304996
-0.00520136
-0.00515762
-0.00608563
-0.00291277
-0.0033643
0.000612366
-0.00138902
-0.00442695
3.18E-05
-0.00432186
-0.00198596
-0.00332357
-0.00153245
-0.00446121
-0.00796754
-0.00472187
-0.00158896
0.000271521
-0.00416179
-0.00167911
-0.00569323
-0.00554383
-0.0037395
0.00131901
-0.000863897
3.32E-05
-0.00217622
-0.00611235
-0.00569842
-0.00538931
-0.00818332
-0.00587378
-0.00351749
0.00298987
-0.000783394
-0.00506763
-0.00407983
-0.00426917
-0.00207645
-0.00114247
0.00451795
0.00818707
-0.020257
-0.0273548
0.0151926
0.00368756
-0.000724523
0.00153711
0.000326527
-0.01081
-0.0127967
-0.00531777
-0.000939384
-0.00157326
-0.00392889
-0.00289925
-0.00311106
-0.00635726
-0.00093862
-0.00193316
-0.00228879
0.000450561
0.00042789
-0.00361824
-0.00436412
-0.00657126
-0.00511328
-0.00207638
-0.00214634
-0.00372591
-0.0076098
-0.0061462
-0.00278957
-0.00135427
0.000663114
-0.00304466
-0.00698367
-0.00244747
-8.14E-05
-0.00235076
-0.00609354
-0.00406349
-0.000696728
-0.00110834
-0.00184646
-0.00151912
-0.00460939
-0.00403614
-0.00209193
-0.00156568
-0.00655072
-0.0073791
-0.00786661
-0.00648189
-0.00192955
0.00135989
-0.00229002
-0.00321358
1.08E-05
-0.00174572
-0.00487471
-0.0033168
-0.00107644
-0.00265707
-0.00432236
-0.00390922
-0.00188683
-0.00310274
-0.00302207
-0.00189837
-0.00471877
-0.00503468
-0.00484471
-0.0045896
-0.00226589
-0.00261516
-0.00115068
-0.00610641
-0.00433129
-0.00348163
-0.00248122
0.00195447
-0.00104435
-0.00269539
-0.00152618
-0.0094693
-0.00795424
-0.00511728
-0.00497298
-0.00606764
-0.00124534
0.000858277
0.000483032
0.00015292
-0.000103983
-0.00367654
-0.00214873
-0.00204531
-0.00464882
-0.00493758
-0.00539831
-0.0040647
-0.00504482
-0.00570742
-0.0021644
-0.00354892
-0.00169689
-0.00499373
-0.00471161
-0.00103053
-0.00139332
-0.00202622
-0.00214266
-0.00334802
-0.00739723
-0.00595715
-0.00476066
-0.00185569
-0.000705672
-0.00265137
-0.00541359
-0.00589574
-0.00699759
0.00313807
0.0113372
0.00339641
-0.000761305
0.00273007
-0.0128607
-0.0307594
-0.0202337
-0.00400237
-0.00018381
0.0122515
0.0161052
0.0050282
-0.00136502
-0.0161669
-0.0134578
-0.00405859
0.00544502
-0.00091969
-0.00191094
0.00364188
-0.000306445
-0.00753879
-0.00881087
-0.00715394
-0.00625776
-0.00949701
-0.00755196
-0.00814559
-0.00335639
-0.000269797
0.00212441
0.00420598
-0.00110629
0.000622931
-0.000919196
-0.00490668
-0.0050958
-0.0049727
-0.00507991
-0.00739735
-0.00794463
-0.00371427
-0.00193575
-0.00436139
-0.00104972
0.000347328
-9.82E-05
0.000390019
-0.00274682
-0.00347395
-0.0030603
-0.00582567
-0.00335697
-0.00135895
-0.00140777
-0.00239323
-0.00504081
-0.0043963
-0.00564963
-0.0076679
-0.00916907
-0.00511064
-0.00277982
-0.000275484
0.00368262
0.00781686
0.00358109
-0.0412274
0.00652558
0.000294912
0.00554372
0.00224893
0.000897932
-0.000592124
-0.0107563
-0.00718196
-0.00435285
-0.00440517
-0.0017814
-0.00310154
-0.00663649
-0.00629762
-0.00251692
-0.00386558
-0.00230668
3.21E-05
-0.000138503
-0.00207575
-0.00379695
0.000674953
-7.75E-05
-0.00755283
-0.00571739
-0.00763264
-0.0059988
-0.00602909
-0.00367703
-0.00274585
0.000345685
-0.00173285
-0.00216399
0.000529337
-0.00309642
-0.00322698
-0.00269351
-0.00371744
-0.0013568
-0.00443164
-0.0049621
-0.00369991
-0.00326182
-0.00416098
-0.00335279
-0.00295928
-0.00309246
0.000440179
-0.00482336
-0.00613992
-0.00310584
-0.00447172
-0.00141796
-0.00390367
-0.00467156
-0.0052097
-0.0036456
-0.00109031
-0.0017475
-0.00117453
-0.00209862
-0.00493285
-0.00122183
-0.00269399
-0.00252808
-0.00322916
-0.00305251
-0.00444535
-0.0045804
-0.00656537
-0.00399793
-0.000833809
-0.00112271
-0.00247673
-0.00398074
-0.00271896
-0.00146949
-0.0061681
-0.0063743
-0.00229974
-0.00177619
0.000165941
-0.00471839
-0.0084676
-0.00327453
0.000898611
0.000693639
-0.00094102
-0.00840078
-0.0111314
0.00203976
-0.00101234
-0.00826078
-0.00930939
-0.00602864
-0.00263514
0.00222837
0.0042229
-0.00146573
-0.00173025
-0.000534483
-0.00567756
-0.00267021
-0.00095871
-0.00413591
-0.0075171
-0.00581137
-0.00413933
-0.00143692
-0.00250375
-0.00618178
-0.00877201
-0.00594905
-0.0045538
-0.00423532
0.00327765
-0.00344922
0.0148613
0.00259064
-0.00231223
0.00428331
-0.0140554
-0.0384895
-0.0159919
-0.00588452
0.0163185
0.0311413
0.0102716
-0.0125249
-0.0159874
-0.0141881
0.00261839
0.000558218
-0.0074586
-0.000525734
0.00111372
-0.00457954
-0.00654745
-0.00528802
-0.000216719
-0.0108946
8.46E-05
-0.00506009
-0.0111723
-0.00915734
-0.00647551
-0.00397216
-0.0018361
0.00397322
0.004179
0.00272801
-0.00124879
-0.00445694
-0.000885609
-0.00536559
-0.00809934
-0.00495978
-0.00515666
-0.00368281
-0.00261784
-0.0031275
-0.00264859
-0.00332379
-0.00263262
-0.00173125
-0.00131886
-0.00527289
-0.00454487
0.00243482
-0.00911442
-0.00123986
0.000587725
-0.00527487
-0.00804289
-0.00560229
-0.00429487
-0.0028706
-0.00293586
-0.000428483
-6.07E-05
-0.00274017
0.00762053
-0.013867
-0.0353066
0.023343
0.00219171
0.00434589
-0.00101749
-0.0037017
-0.00511541
-0.00715293
-0.00247159
0.000701776
-0.00534274
-0.0101809
-0.014023
-0.0078487
0.00545869
-0.0100282
0.00597235
0.00749263
-0.00231248
-0.0071779
-0.00677886
-0.0069742
-0.00311055
0.00174966
-0.00063128
-0.00297451
-0.00208825
-0.00492083
-0.00663492
-0.00866217
-0.00760809
-0.00304701
0.00010844
0.000876788
-0.00181633
-0.00523243
-0.00382967
-0.00137803
-0.000812865
-0.000883792
0.00145478
-0.00146398
-0.00561141
-0.00860266
-0.00736757
-0.00427161
-0.00255361
-0.00247344
-0.000758317
-0.00243446
-0.00391743
-0.0041841
-0.00552475
-0.000413027
-8.59E-05
-0.00429356
-0.00156753
-0.000430455
-0.00476477
-0.0081306
-0.00459052
-0.000970296
-0.00178179
-0.00253613
-0.00589469
-0.00547201
-0.00428334
-0.000867377
-0.000612603
-0.00482485
-0.00632163
-0.00638126
2.81E-05
-0.00124012
-0.00154908
-0.0022023
-0.00100213
-0.00145337
-0.00351867
-0.00671752
-0.00253775
-0.00129454
-0.00236318
-0.00586999
-0.00616152
-0.00593968
-0.00965553
-0.00426633
0.000278644
-0.000167656
-0.00043489
-0.00213602
0.000975984
-0.00188029
-0.00142642
-0.00137167
-0.004587
-0.00633225
-0.0097192
-0.0118869
-0.006313
-0.00348605
-0.00327939
-0.00334925
1.07E-05
0.00769216
0.00866764
0.00211321
0.0026901
0.00133867
-0.0279676
-0.0296702
-0.0173898
-0.00343914
0.0237334
0.0297823
0.0111655
-0.0161023
-0.0168336
-0.00999495
0.000602969
-0.00704931
-0.00554816
0.0033226
0.000961988
-0.00292695
-0.00540001
-0.00414186
-0.00406134
-0.00656063
-0.00683599
-0.00730791
-0.00926872
-0.00662024
-0.00383069
-0.00277061
0.000157448
0.00116695
-8.72E-05
-0.000982514
0.000626942
-0.00175772
-0.00707192
-0.00222343
-0.00278143
-0.00482194
-0.00591159
-0.00455707
-0.00455682
-0.0013109
-0.00169482
-0.00186663
-0.0024381
-0.00265289
-0.00363099
-0.00308043
-0.000910457
-0.00147686
-0.00635475
-0.0074879
-0.0044199
-0.00304258
-0.00339905
-0.0048471
-0.00606706
-0.00443733
0.00152828
0.000347126
-0.00187661
0.00279138
0.00612758
-0.0231736
-0.0315588
0.0172273
0.000734871
0.00619449
0.00588253
0.00141416
-0.00679808
-0.00659072
-0.00534321
-0.0067395
-0.00249496
-0.00676161
-0.00561646
-0.00563576
-0.00352459
-0.00060216
-0.00255706
-0.00574168
-0.00153169
-0.00550084
-0.00701454
-0.000646522
-0.000623186
-0.00363574
-0.00140227
-0.000571479
-0.00171006
-0.00355067
-0.00192847
-0.00424125
-0.0072737
-0.00435771
-0.00141411
-0.000286344
-0.00344311
-0.00611944
-0.00650278
-0.00866007
-0.00178084
0.0024965
3.29E-05
-0.000809575
-0.00146988
-0.00361971
-0.00208341
-0.0024545
-0.00255237
-0.00288425
-0.00344338
-0.00338493
-0.0055186
-0.00567496
-0.00200295
-0.00525685
-0.00770473
-0.00689406
-0.00370471
-0.00104371
-0.00142291
-0.00292848
-0.00193658
-0.000940161
-0.00315269
-0.003723
-0.00496478
-0.00405712
-0.000546607
0.000428072
-0.0023848
-0.00391217
-0.00176671
-0.00397421
-0.00517873
-0.00690089
-0.00841205
-0.00876552
-0.0015662
-0.000180038
0.00452673
-0.000909929
-0.00100686
-0.00210338
-0.00334003
-0.00648653
-0.00507633
-0.00324351
-0.00124337
-0.0019818
-0.00112841
-0.0055427
-0.00693905
-0.00696338
-0.00486135
-0.00294282
0.00041467
-0.00218909
-0.00111573
-0.00307623
-0.00499339
-0.00400871
-0.00205796
-0.00267764
-0.00263686
-0.00493404
-0.00480601
-0.00519953
-0.00916465
-0.00560438
-0.0042313
-0.0042003
0.00236282
0.0182469
0.0103105
-0.00670634
-0.0024388
-0.00538194
-0.0320626
-0.0208784
0.00064003
-0.00239763
0.00774632
0.0161084
0.00526584
-0.00817303
-0.0188251
-0.0106042
0.00109636
0.0046114
0.00578197
2.68E-05
-0.00546486
-0.00813412
-0.00775088
-0.00330929
-0.00229589
-0.00562287
-0.00232818
-0.00429237
-0.00688221
-0.00434597
-0.00594246
-0.00583211
-0.00229067
0.000510014
0.00242307
0.00121765
-0.00390811
-0.00294849
-0.00559206
-0.00992564
-0.0114181
-0.00232175
0.00111638
-0.000751288
-0.00171086
-0.00208085
-0.00402314
-0.00390169
-0.00196119
-0.00146695
-0.0028792
-0.000799723
-0.00344129
-0.00656366
-0.00490455
-0.00143648
-0.00237795
-0.00521528
-0.00561294
-0.00228912
-0.00014965
-0.000404085
-0.00478588
-0.00334584
-0.00434599
-0.00849188
-0.00401616
0.00524242
0.0108114
-0.0325637
-0.00184947
0.0084712
0.00155794
-0.00218327
-0.00361352
-0.00332238
-0.0072436
-0.0038553
-0.00190575
-0.00466782
-0.00413056
-0.00357214
-0.00462217
-0.00525356
-0.00485062
-0.0029586
-0.00292684
-0.0019667
0.000144119
-0.00201345
-0.00242572
-0.00313562
-0.00386999
-0.00269314
-0.00302128
-0.00461262
-0.00417338
-0.00333291
-0.00242058
-0.0020216
-0.00213865
-0.00449674
-0.00526732
-0.00589603
-0.00471987
-0.00114095
-0.0022355
8.22E-05
-0.000969684
-0.00455812
-0.00562654
-0.00405964
-0.00195571
-0.00103795
-0.0015342
-0.00176141
-0.00377489
-0.0110872
-0.00739759
-0.00262287
-0.00254386
-0.000195561
0.00168931
0.00156835
-0.000264553
-0.00559768
-0.00683671
-0.0115195
-0.00448092
0.00122476
-0.00273266
-0.00250149
0.00258587
0.000856921
-0.00504176
-0.0105732
-0.00879189
-0.0051266
-0.00195907
0.000340814
0.00140933
-0.00140138
-0.00667191
-0.00337872
7.11E-05
0.0031024
-0.00903186
-0.0152141
-0.00593127
-0.00832422
6.63E-05
-0.00155259
0.000862838
0.00416721
0.00272441
-0.00155487
-0.00177068
-0.00099042
-0.00499087
-0.00682102
-0.00590803
-0.00459655
-0.00444047
-0.0103941
-0.00855885
-0.00466009
-0.000514542
0.00194258
0.0014488
-0.00165823
-0.00531943
-0.00237408
-0.000675749
-0.000487887
-0.00146095
-0.00257284
-0.00526668
-0.00708783
-0.0065168
-0.00874161
-0.0105637
-0.00701635
-0.00214646
-0.00354033
0.00826248
0.017614
0.00479723
-0.00261565
-0.00201338
-0.0230722
-0.0260546
-0.00870295
0.00169141
0.00427668
0.0119998
0.00865116
-0.00130565
-0.00974545
-0.0163308
-0.00567531
0.00075464
0.0035165
0.000112586
-0.00594119
-0.00524572
-0.00649086
-0.00725057
-0.00278351
-0.00221333
-0.00603309
-0.0072442
-0.0033761
-0.00132828
-0.00034799
-0.00474865
-0.000449028
-0.00122513
-0.00134628
-0.00147574
-0.00184865
-0.00443661
-0.00841253
-0.00758756
-0.00700367
-0.00354926
-0.00229069
0.00225219
-0.000634393
-0.000844214
0.000350004
-0.00136443
-0.00370467
-0.00564613
-0.00508784
-0.00586038
-0.00399859
-0.000968559
-0.00245856
-0.00400789
-0.00401044
-0.00402323
-0.00464383
-0.00383634
-0.00413409
-0.00457289
-0.00709405
-0.0024226
-0.0028637
-0.0014677
0.00360541
0.0102387
0.0064446
-0.0375392
-0.0154965
0.0108328
0.00648218
0.00217492
0.00636116
-0.00464943
-0.013435
-0.0126415
-0.00625253
-0.000492275
0.00128295
0.000906289
-0.00475421
-0.00731248
-0.0073526
-0.00750398
-0.00513939
0.00163322
0.00267038
0.00293513
-0.00219304
-0.00409645
-0.00239817
-0.0055816
-0.00559405
-0.00503223
-0.00601438
-0.0076241
-0.00673725
-0.00250951
-0.000915499
0.00026999
0.00172918
0.00166915
-0.00113172
-0.00339294
-0.00279408
-0.0045946
-0.00185618
-0.00279937
-0.00813274
-0.00762109
-0.00871273
-0.00304888
-0.000783877
-0.00387151
-0.00449856
-0.00258165
0.000884087
0.00136686
-0.00178968
-0.00305374
-0.00212021
-0.0037364
-0.00469158
-0.00414188
-0.00639067
-0.00484601
-0.0021351
-0.00106195
-0.00518551
-0.0051948
-0.000647279
-0.00270162
-0.00460269
-0.004265
-0.00113897
1.50E-05
-0.00282435
-0.0053003
-0.00603351
-0.00216555
-0.00350527
-0.00505605
-0.00380762
-0.00215667
-0.00289551
-0.00252243
-7.69E-05
-0.00103894
-0.0022371
-0.00469584
-0.00381939
-0.00431725
-0.00296418
-0.00500375
-0.00676587
-0.00645168
-0.00555974
-0.00177464
-0.000586368
-0.00639441
-0.00192069
-0.000298977
0.00362868
0.000975478
-0.00460834
-0.00576422
-0.00568232
-0.00448417
-0.00362706
-0.00410097
-0.00294384
-0.00153467
-0.00137738
-0.00364121
-0.00292469
-0.0017211
-0.00257585
-0.00388404
-0.00229842
-0.00518088
-0.00671229
-0.00740803
-0.0076863
-0.00546061
-0.00555258
-0.00672657
-0.00179947
0.0132721
0.00632142
0.0034005
0.00480919
-0.00574027
-0.0348125
-0.0257494
0.000764568
0.00503555
0.0118
0.0213177
0.00697725
-0.00908761
-0.0216237
-0.0176746
0.00293562
0.00566231
-0.0024539
4.27E-05
-0.00108811
-0.00424696
-0.00812853
-0.0047003
-0.0023338
-0.00438847
-0.00772432
-0.0111722
-0.00997981
-0.00748621
-0.00242032
-0.0010686
0.00183219
0.00193438
0.00403551
0.00138929
0.00149182
-0.00394769
-0.00526682
-0.00418466
-0.00535314
-0.0069953
-0.00618869
-0.00523062
-0.00122001
-0.00228815
-0.00386584
-0.00479284
-0.00412291
-0.00292891
-0.00344104
-0.00285386
0.000686909
-0.00581968
-0.00307684
-0.00464833
0.000354998
-0.00224852
-0.00254777
-0.00690582
-0.00609986
-0.00211067
-0.00208954
-0.0042693
-0.0035391
-0.000658328
0.00592333
0.0100485
-0.0275568
-0.0236131
0.0127106
0.00279545
0.00528555
-0.00370366
-0.00612744
-0.00489234
-0.00224815
-0.00243935
-0.00270475
-0.0069258
-0.00399568
-0.00578401
-0.00645377
-0.00638598
-0.000423788
-0.000100141
-0.00192271
-0.00158824
-0.00132593
-0.00182208
-0.00486265
-0.00570266
-0.00450713
-0.00234481
-0.000152842
-0.000571786
-0.0101735
-0.00313206
-0.00310795
-0.00278176
-0.00284395
-0.00310069
-0.00195053
-0.00146893
-0.0019921
-0.000569066
-0.00412393
-0.00977729
-0.00650022
0.00100267
0.00225342
-0.00500425
-0.00394513
-0.000922634
-0.00402834
-0.00620079
-0.00583594
-0.00520974
-0.00450346
-0.00163635
-8.77E-05
-0.000398683
-0.00241918
-0.00181659
-0.00101135
-0.00515543
-0.00458573
-0.00250759
-0.00408252
-0.0032135
-0.00474592
-0.0055331
-0.00416257
-0.00841566
-0.00775975
-0.00175264
0.0023414
-0.000826951
0.00352177
-0.000293712
-0.0032859
-0.00894771
-0.00812531
-0.00102491
-0.000592244
-0.00145429
-0.00340463
-0.00659757
-0.00665263
-0.00532515
-0.00435383
-5.34E-05
-0.000470745
-0.00217566
-0.00363642
-0.00904123
-0.00417832
0.00110987
0.00170034
0.000727433
-0.000336878
-0.0041282
-0.0112796
-0.00924656
-0.00409735
-0.00371426
-0.00054214
0.00167835
0.00105394
-0.0030725
-0.00530713
-0.00161666
-0.00108745
-0.00247105
-0.00581888
-0.00398204
-0.0021948
-0.0046364
-0.0073091
-0.00854907
-0.0071544
-0.00759689
-0.0034036
-0.00182228
0.00651435
0.00480707
0.00628801
0.00200295
-0.00482252
-0.0235695
-0.0240165
-0.018189
0.00722614
0.0262417
0.0236528
-0.00545787
-0.0185521
-0.0153243
-0.00184226
0.00375212
-0.00545662
-0.00137408
0.00340752
-0.00262935
-0.00856044
-0.00541801
-0.00277526
-0.000607624
-0.00138819
-0.00424167
-0.00797589
-0.0151436
-0.0170471
-0.0163376
-0.00038162
0.010224
0.00422409
0.00510961
0.00407335
0.00458291
0.000898106
-0.00409066
-0.00926639
-0.0100947
-0.010174
-0.00701271
-0.00619201
-0.00307781
0.000891747
-0.000909926
-0.00180004
0.000793184
-0.000348647
0.00106693
-0.000536534
-0.00502977
-0.00872373
-0.0114032
-0.0121151
-0.00249435
0.00120026
-0.00519238
9.01E-05
0.00136933
-0.00190216
-0.00449392
-0.00361222
-0.000302642
0.00848245
0.00407195
-0.0360106
-0.0115742
0.0114525
0.00777886
0.000938241
-0.00499819
-0.00557241
-0.00406654
0.00143145
-0.00413347
-0.00554939
-0.00463791
-0.00522888
-0.00589649
-0.00765815
-0.00682357
-0.00620727
-0.00238198
0.000433254
0.00127983
0.00240378
-0.00136736
-0.000981122
-0.00413266
-0.00557703
-0.00644717
-0.0043517
-0.00361685
-0.00506774
-0.00220471
-0.00374634
-0.00549371
-0.00492722
-0.0037395
0.0017708
-0.00256031
-0.00366183
0.000225623
-0.00031706
-0.00336533
-0.00448125
-0.00529523
-0.00420438
-0.0021438
0.00150739
-0.00178064
-0.00399876
-0.00568759
-0.00850916
-0.00730623
-0.00275302
-0.00116258
0.000462006
-0.000773882
-0.00523428
-0.00675643
-0.00629554
-0.00316195
-0.00045927
-0.000338877
-0.00244514
0.000642142
-0.00147972
-0.00667506
-0.0087819
-0.00318313
-0.00347884
-0.00325564
-0.00229989
0.00237624
0.00137902
-0.00402322
-0.00743052
-0.00791159
-0.00443331
-0.00385175
-0.00335223
-0.00238058
-0.00194289
-0.00425737
-0.00272966
-0.00406698
-0.00369533
0.000258874
0.00254384
-0.000139778
-0.00355273
-0.00395343
-0.00670695
-0.00706224
-0.00757947
-0.00739649
-0.00245092
-0.00299343
-0.000440095
0.000122259
-0.00270575
-0.00563041
-0.00671145
-0.000410161
0.00080793
-0.00036305
-0.00150763
-0.00257506
-0.0019046
-0.00413351
-0.00606352
-0.00742031
-0.00912216
-0.00798497
-0.00665275
-0.00507697
-0.00386048
-0.00284616
0.0129789
0.0153656
0.00721576
0.000252456
-0.00119854
-0.0294186
-0.044916
-0.0149288
-0.00462397
0.00443803
0.0260923
0.0330189
0.00703986
-0.0173349
-0.0170175
-0.00462567
-0.00270115
-0.00626698
-0.00355775
-0.00504079
-0.00261223
-0.00283147
-0.00460474
-0.00328832
-0.000972061
-0.00513147
-0.00496194
-0.00230806
-0.00523404
-0.00377988
-0.00680693
-0.00809719
-0.00286695
-0.00300268
-0.00168134
0.000161218
-0.000197605
-0.000165357
-0.00104179
-0.00215267
-0.00448406
-0.00547156
-0.00410133
-0.00529326
-0.00345817
-0.00327351
-0.00433515
-0.00146991
-0.00345089
-0.00313614
-0.00286281
-0.00208346
-0.00588452
-0.00715451
-0.00314076
-0.000293791
-0.000823023
-0.00355871
-0.00157837
-0.00047528
-0.00528453
-0.00956335
-0.0028809
0.00100493
-0.00533711
-0.000429216
0.00729206
0.00707095
-0.0364335
-0.00744494
0.0100817
0.00226043
0.000968202
0.00452533
-0.00486668
-0.0132978
-0.0123493
-0.00529755
-0.000106379
-0.000583575
-0.00145419
-0.000752233
-0.00763936
-0.0102856
-0.00147091
-0.000286788
0.000644342
0.0025152
-0.00061798
-0.0039248
-0.00850221
-0.00968378
-0.00155732
0.000937479
-0.00373467
-0.00495624
-0.00600791
-0.0039096
-0.00417957
-0.00340808
-0.001206
0.000265208
0.00168746
0.000704169
-0.000633158
-0.00638965
-0.00653301
-0.00509976
-0.00277933
-0.00296097
-0.00279988
-0.00453935
-0.00494862
-0.00414605
-0.0081552
-0.00564037
0.000914235
0.00108448
-0.00180086
-0.00112926
-0.00326029
-0.00371924
-0.00225401
-0.00620661
-0.00303605
-0.00385753
-0.00664527
-0.00555053
-0.00177854
-0.00152956
-0.00399805
-0.00227564
-0.00309303
-0.00321607
-0.00134259
-0.00161542
-0.000612807
-0.00245465
-0.00273329
-0.0059484
-0.00671971
-0.00217164
-0.0017838
-0.00289947
-0.00396141
-0.00246297
-0.00873133
-0.00902967
-0.000509251
0.00395635
6.89E-05
-0.00246815
-0.00690434
-0.00568721
-0.00647907
-0.00398582
-0.00196969
-0.000502757
-0.000142649
-0.00136838
0.00172278
-0.00366214
-0.0103707
-0.00691548
-0.00490288
-0.00361937
-0.00175667
-0.00281965
-0.00576128
-0.0047666
-0.00214314
-0.000961619
0.000641428
4.27E-07
-0.00109024
-0.00144545
-0.00485367
-0.00522874
-0.00635797
-0.00165584
-0.00462617
-0.00803686
-0.00823318
-0.00217276
0.00204458
0.000452097
-0.00208029
-0.00555887
-0.0068903
-0.00636527
-0.00405406
-0.0031521
-0.00337169
-0.00449338
0.000118663
0.00932393
0.00629897
-0.0013139
0.00386218
-0.00828143
-0.0324058
-0.0190769
-0.000357265
0.00145049
0.00753044
0.0178668
-0.000106005
-0.00925081
-0.011464
-0.00561961
0.00085303
0.0025184
-0.00437948
-0.00408614
-0.00330726
-0.00731698
-0.00621318
-0.00556344
-0.00224697
-0.00958839
-0.00860733
-0.00599768
-0.00491607
-0.00155685
0.00241936
0.00506906
-0.000650439
0.00282722
-0.00127725
-0.000547369
-0.00183904
-0.00467694
-0.00504091
-0.00604552
-0.0106269
-0.0117375
-0.002743
-0.00241075
-0.00504543
0.000715895
0.000776313
-0.00140708
-0.00789416
-0.0116846
-0.00325585
0.00326803
-0.000776196
0.00152749
0.00274071
0.000368114
-0.00484989
-0.00982057
-0.00830299
-0.00538547
-0.00682514
-0.00420882
-0.000977931
-0.00230103
-0.00320595
0.000436607
0.00574874
0.0139688
-0.0192656
-0.0279674
0.0184251
-0.00507332
0.00017369
-0.00144587
-0.00226237
-0.0101895
-0.0104105
-0.00111494
-0.0016776
-0.00601798
-0.0104354
-0.0072645
-0.00441532
0.00171286
0.000110746
0.000773269
0.0021502
0.00113575
-5.84E-05
-0.00425958
-0.00423329
-0.0048371
-0.00459272
-0.00316753
-0.00352662
-0.00622169
-0.00607074
-0.00795877
-0.00711375
-0.00159357
-0.0014314
0.0034368
0.00186781
-0.000741646
-0.00475843
-0.0078784
-0.00565217
-0.00266536
0.000522177
-0.00235411
-0.000505957
-0.00609311
-0.0098019
-0.00492548
-0.00394119
-0.00297072
0.000396294
0.00083497
0.00089035
-0.00413639
-0.00583549
-0.00432544
-0.00614078
-0.00262484
-0.00337023
-0.00163736
-0.00138017
-0.00672418
-0.0114249
-0.00482778
-0.00301265
-0.000462642
0.00340637
0.00293733
-0.000273957
-0.00586131
-0.00752788
-0.00469211
-0.00340174
-0.00115716
-0.00145871
-0.0011209
-0.00426132
-0.00493463
-0.00309979
-0.00441547
-0.00486678
-0.00424287
-0.00457788
-0.00546856
-0.00349763
-0.00327956
-0.00384585
-0.000185822
-0.00117933
-0.00346892
-0.00440594
-0.00692183
-0.00377007
-4.95E-05
-0.000855667
-0.000468108
-0.00168074
-0.00359307
-0.00323425
-0.00678772
-0.00217077
-0.00317097
-0.00564381
-0.00251612
-0.0020079
-0.00341954
-0.00361962
-0.000840215
-0.00244724
-0.00288965
-0.00479362
-0.00258586
-0.00298317
-0.00483241
-0.00566217
-0.00559224
-0.00377137
-0.00247199
-0.00210681
-0.00055313
-0.00453431
-0.00293273
-0.00320794
-0.0050473
-0.000438756
0.000484719
-0.00131644
-0.00275555
-0.00662883
-0.00713277
-0.00904041
-0.00409969
-0.0029052
-0.00398559
-0.00678445
-0.00358389
0.00392319
0.00776163
0.00367337
0.000853654
0.00132822
-0.0159384
-0.0312887
-0.0139479
0.00251541
0.00330389
0.017217
0.0139626
-0.0114134
-0.0109634
-0.00701497
0.00124906
0.00527623
-0.00271963
-0.0105264
-0.00244081
-0.00117568
-0.00339358
-0.00498016
-0.00562019
-0.00479941
-0.00656612
-0.0087535
-0.0100153
-0.00565851
-0.00198852
-0.00194921
0.00104882
0.00194249
0.00271877
-0.000607939
-0.00128798
-0.00457282
-0.00154621
-0.00395899
-0.00529481
-0.00167379
-0.00644538
-0.00992313
-0.00622625
-0.00639219
-0.00198196
-0.00593662
-0.00123662
0.00206227
0.000346557
-0.000688829
-0.00490255
-0.00487303
0.000126393
-0.00215818
-0.00665555
-0.00455044
-0.00329884
-0.00448611
-0.00488251
-0.00122694
0.000515371
-0.00273482
-0.00308007
-0.00169095
0.00248648
0.00576438
-0.0328601
-0.0235734
0.0185523
-0.000235401
0.00181299
0.00539467
-0.000220649
-0.00455776
-0.00655763
-0.0062011
-0.00292665
-0.00709306
-0.00496494
-0.00260428
-0.00272159
-0.00183538
-0.0019695
-0.00392124
-0.00310778
-0.00129093
-0.00468387
-0.00575154
-0.00272117
-0.00467388
-0.00359573
-0.00056728
-0.00352528
-0.0047152
-0.00287512
-0.0018099
-0.000860233
-0.00144579
-0.00336815
-0.00552701
-0.0050232
-0.00599103
-0.00330148
-0.00199903
-0.00353885
-0.00447929
-0.00574302
0.00154699
0.000107433
-0.000354508
0.00147602
0.000900363
-0.00544406
-0.00987217
-0.00619208
-0.00518701
-0.00654014
-0.00394496
-0.00362041
-0.00226812
-0.000741454
-0.0019331
-0.00474112
-0.00577547
-0.00361674
-0.00312105
-0.0014222
0.000949442
-0.000308777
-0.0023971
-0.00310514
-0.00561053
-0.00666614
-0.00180893
-0.0017083
-0.00241589
-0.00202067
-0.00751026
-0.006489
-0.00580493
-0.00144362
0.00105774
-2.51E-05
-0.00313997
-0.00424651
-0.00362963
-0.00483269
-0.00558508
-0.00369157
-0.00351323
-0.00207482
-0.00166116
-0.00260451
-0.000678761
-0.00485097
-0.00529601
-0.00198889
-0.00283816
-0.00262953
-0.00340162
-0.00384224
-0.00529421
-0.00568674
-0.00135539
-0.00182438
-0.00371845
-0.0020523
-0.00430097
-0.00791887
-0.0077123
-0.000258697
0.00393795
0.000270799
-0.00263427
-0.00654029
-0.00208447
-0.00165287
-0.00104253
-0.0076103
0.00108718
0.00250741
-0.00319911
-0.00705382
-0.00370635
-0.00461989
-0.00672499
-0.00415473
-0.0111995
-0.0137275
-0.00314729
-0.0010431
-0.00492738
-0.00391644
0.0011275
0.00570067
0.0126695
0.00709477
-0.00158826
-0.00222716
-0.00322635
-0.0243668
-0.0238247
-0.0155362
0.00633579
0.0238465
0.0188582
-0.0100122
-0.0294285
-0.0177487
0.00496356
0.00981541
-0.00447273
-0.0053274
-0.00319153
-0.00105085
0.000963353
-0.00338659
-0.00160325
-0.00404357
-0.00319354
-0.00472809
-0.00675941
-0.00749047
-0.00705285
-0.00670357
-0.00524819
-0.00454982
-0.00376511
-0.000553488
0.00458956
0.0056593
0.00384329
-0.00163517
-0.00722453
-0.00619201
-0.00897876
-0.00952218
-0.00751602
-0.00458525
0.00123685
0.00091182
-0.00197
-0.00661873
-0.00483812
-9.56E-05
0.000307498
-0.00699252
-0.00603092
0.0007277
-0.00104503
-0.00396573
-0.00418826
-0.00212301
-0.00289241
-0.00500384
-0.00714444
-0.00190328
0.000296619
0.00674406
0.00825543
-0.0260042
-0.0260419
0.014716
-0.00085572
-0.000189827
-0.000332446
-0.000207601
-0.000278315
-0.00582774
-0.00249367
-0.00395038
-0.0117248
-0.00428374
-0.0027975
-0.00491185
-0.00150954
-0.00097418
-0.00512265
-0.000897295
-0.00352861
-0.000380342
0.00150922
-0.00199319
-0.00419537
-0.00690955
-0.00769266
-0.00746443
-0.00339492
-0.00100549
-0.00587456
-0.00473947
-0.00698452
-0.00273072
0.00194058
0.00323325
-0.00136315
-0.00341332
-0.00138424
0.00145294
-0.00284273
-0.0052739
-0.00545524
-0.00582639
-0.00540949
-0.00390958
-0.00273562
-0.00105153
-0.00352583
-0.00460304
-0.00303246
-0.00356416
-0.00414528
-0.00745765
-0.00834216
-0.000910128
0.00279902
0.00184395
0.000833284
-0.00116711
-0.00525453
-0.0086874
-0.00913838
-0.00454956
-0.00380974
-0.00132212
-0.000661201
-0.00417358
-0.00662591
-0.00610956
-0.000156874
-0.0026209
-0.000345973
0.000441678
-0.000469192
0.000107103
-0.00567465
-0.00700718
-0.00554513
0.000198796
-0.000355277
-0.00385337
-0.00400036
-0.00301323
-0.0044619
-0.00601694
-0.00597195
-0.00343693
-0.00541822
-0.00539096
-0.00468515
-0.000677973
0.00103525
-0.00044712
-0.00363618
-0.00461805
-0.00240609
-0.00107985
-0.000621941
-0.0014585
-0.00380113
-0.00611418
-0.00315239
-0.00335678
-0.00537443
-0.00570673
-0.00510651
-0.0018152
-0.00124031
-0.0070681
-0.00706391
-0.000574288
0.0046223
-0.000126383
-0.00256118
-0.00418028
-0.00622953
-0.00648354
-0.00608231
-0.0066412
-0.00757969
-0.00456919
0.00199511
0.0134636
0.00884522
-0.00336487
0.000575864
-0.0118457
-0.0411123
-0.0206603
6.07E-05
0.00485012
0.0140807
0.0250918
0.0031134
-0.0173482
-0.0120755
-0.00378231
0.00370655
-0.000832856
-0.00641683
-0.00663537
-0.0048261
-0.0033442
0.000311106
-0.00276573
-0.00314287
-0.00604717
-0.00707118
-0.00912444
-0.00743555
-0.00319453
-0.00207441
0.000160356
-0.00361875
-0.00178245
0.000739733
0.0010725
-0.000334708
-0.00406022
-0.00756668
-0.00244481
-0.00382424
-0.00575189
-0.00562842
-0.00678328
1.82E-05
-0.0018139
-0.00229342
-0.00131887
-0.00337378
-0.000190985
0.000439215
-0.00202935
-0.00315586
-0.00518471
-0.00520933
-0.00550995
-0.00596155
-0.00401184
-0.00168631
-0.00343957
-0.00794561
-0.00769901
-0.00388436
-0.00125241
0.000544424
0.008372
0.00575538
-0.0324886
-0.00509619
0.0104026
0.00233045
-0.00198451
0.00114605
-0.00637881
-0.00334269
-0.00342361
-0.00494359
-0.00403497
-0.00285274
-0.00846108
-0.00597003
-0.00467187
-0.00306599
-0.0011269
-0.00184306
-0.00147906
-0.00220662
-0.00393169
-0.00626618
-0.00475565
-0.000175202
-0.00125177
-0.00150048
-0.00327894
-0.00547301
-0.00583731
-0.00222324
-0.00157171
-0.00164459
-0.0020003
-0.00337879
-0.00588237
-0.00467628
-0.00435343
-0.00194259
-0.00077548
-0.00239793
-0.00740925
-0.00304269
-0.0039976
-0.000125773
-0.000585027
-0.00358669
-0.00542144
-0.00268627
-0.0013496
-0.0033513
-0.00612305
-0.00258963
-0.00264762
-0.00409056
-0.000794494
-0.00193198
-0.00473729
-0.00566669
-0.0045823
-0.00199095
-0.0024612
-0.0020181
-0.000504442
-0.00459977
-0.00088078
-0.00593525
-0.00666099
-0.00937002
-0.0029003
-0.00347409
-0.000476199
0.00105051
-0.000640917
-0.00371622
-0.00732766
-0.00571346
-0.00349127
0.00116542
0.00239187
-0.000371934
-0.00333966
-0.00747944
-0.00570369
-0.0043655
-0.00202645
-0.00399232
-0.00249458
-0.00275631
-0.0062301
-0.0123365
-0.00448526
0.000768192
-0.00101431
0.00342538
0.00510332
-0.00137587
-0.00396747
-0.00498476
-0.0122244
-0.00923305
-0.00114826
-3.46E-06
-0.00206813
-0.00696536
-0.00540828
-0.000585315
0.00146514
0.000134649
-0.00260613
-0.00538221
-0.00486154
-0.0056958
-0.00623619
-0.0036973
-0.00169719
-0.00199012
-0.00399397
-0.00230453
-0.00769178
-0.00688341
-0.00439382
-0.00285678
-0.00253065
0.00096239
0.0131458
0.00851495
-0.00316237
-0.00406802
-0.011891
-0.0274763
-0.0165301
0.00567548
0.00540117
0.00810029
0.0110776
-0.0107199
-0.01261
-0.00974372
-0.00265324
0.00666615
0.00170168
-0.00806139
-0.00832369
-0.00469608
-0.00299607
-0.00132936
-0.0064517
-0.000819677
-0.00109509
-0.0043249
-0.0049375
-0.00646028
-0.00580706
-0.00356648
-0.00196397
-0.00047319
-0.00144117
-0.0059602
-0.003015
-0.000280544
-0.00311733
-0.00397817
-0.00665239
-0.00175582
-0.00258644
-0.00559219
-0.000931188
-0.00130398
-0.0032298
-0.00213058
-0.00483034
-0.0058555
-0.00562438
-3.97E-05
0.00181383
-0.00211021
-0.00223023
-0.00111585
-0.0041965
-0.00634494
-0.00588266
-0.00577067
-0.00320811
-0.00324277
-0.00251363
-0.0065211
-0.00158046
-0.00200858
0.00223806
-0.00564742
-0.0254715
0.00699087
0.00796578
0.00403944
0.00202732
-0.00210088
-0.0109779
-0.0103809
-0.00726984
-0.00388707
-0.000838246
-0.00179024
-0.00226957
-0.00239618
-0.00296462
-0.00327019
-0.0042361
-0.000694799
-0.00283811
-0.00275238
-0.00393629
-0.00494386
-0.00401545
-0.00455952
-0.00396447
-0.000237943
-0.00167085
-0.00405289
-0.00472768
-0.00590418
-0.00480632
-0.00482097
-0.00234262
-0.00292631
-0.00285878
-0.00115328
-0.00100171
0.000477073
-0.00270071
-0.00237221
-0.00522128
-0.00544334
-0.0043599
-0.00318269
-0.00172515
-0.00106198
-0.00142955
-0.00396201
-0.00685426
-0.00555324
-0.00255833
-0.00185237
-0.00293028
-0.00499004
-0.00329474
-0.00473611
-0.00344364
-0.0039373
-0.000778676
1.54E-05
-0.00218422
-0.00288521
-0.00603283
-0.00496703
-0.00376749
-0.00294755
-0.0053993
-0.00506153
-0.00332668
-0.00208148
-0.000459725
0.000149655
-0.00302215
-0.00431417
-0.00195244
-0.00144752
-0.0021345
-0.00471503
-0.00168697
-0.00203364
-0.00366998
-0.00753752
-0.00521852
-0.00684965
-0.00890864
-0.00178274
-0.00369205
-0.00107854
0.00180717
-0.00242483
-0.000749467
-1.89E-05
-0.000506792
-0.00495799
-0.00555476
-0.0065297
-0.00588026
-0.00632325
-0.000127869
0.00236351
-0.000264006
-0.00513721
-0.00718136
-0.00459693
-0.00229589
-0.00355063
-0.00274062
-0.00099147
0.00195622
-0.00344773
-0.00398385
-0.00539825
-0.00947825
-0.00733886
-0.00354066
-0.00167614
-0.00612024
-0.00949433
-0.00978869
-0.00408384
0.00296995
0.00753639
0.0189395
0.0092294
-0.00178403
0.000223794
-0.0119441
-0.0371974
-0.0268577
0.00065836
0.00838054
0.0152792
0.0123136
-0.0120878
-0.0170949
-0.0171404
-0.00444581
0.012287
0.0132128
-0.00283819
-0.0108561
-0.00349775
-0.00419715
-0.00226295
-0.00270083
-0.00161388
-0.00283455
-0.00681386
-0.00792196
-0.00793333
-0.00571209
-0.00345817
-7.55E-05
0.00197381
0.0024958
0.000150207
-0.00756489
-0.00940327
-0.00919401
-0.00481759
-0.000775392
-0.00100032
-0.00109795
-0.00409184
-0.00253365
-0.00155865
-0.00259309
-0.000156886
0.00119868
-0.00198108
-0.00519114
-0.00683023
-0.00563251
-0.00450604
-0.0029608
-0.00147712
-0.00486049
-0.00488719
-0.00359653
-0.00595655
-0.0031836
-0.00465957
-0.00172805
0.000738531
0.000967669
0.00349787
0.00407907
-0.0247181
-0.0201596
0.0122126
0.0014783
-0.00302529
-0.000765065
0.00200643
-0.00255666
-0.00697861
-0.00264073
-0.000368587
-0.00388581
-0.0082142
-0.00948232
-0.00699966
-0.00218924
-0.000600334
-0.000111987
-0.0012635
-0.00215091
-0.00218798
-0.00311171
-0.0052246
-0.00591943
-0.00374604
-0.00342334
-0.00319546
-0.000369489
-0.00206012
-0.00628137
-0.00455152
-0.00401489
-0.00185996
-0.0021129
-0.00221394
-0.00128823
-0.000289987
-0.00351698
-0.00655152
-0.00549436
-0.00334691
-0.00242806
0.00207731
-0.00168293
-0.00602671
-0.00749632
-0.00442807
-0.00388813
-0.00184857
-0.000332276
0.000164666
-0.0026381
-0.00633279
-0.00372386
-0.000892775
-0.00177169
-0.00246436
-0.00356592
-0.00618892
-0.00733025
-0.00277252
-0.003347
-0.00169799
-0.000743687
-0.00252749
-0.00851046
-0.0110191
-0.00674581
0.00244193
0.00396901
0.00195771
0.000658805
-0.00346515
-0.00589932
-0.00735118
-0.0055708
-0.00771882
-0.00539769
0.000210084
-0.000909199
-0.00113184
-0.0053071
-0.00353985
-0.00206462
-0.00705404
-0.00471082
-0.00278197
-0.000470052
0.000639801
0.0015371
-0.00161721
-0.00703702
-0.00604694
-0.000707595
-0.0038979
-0.00152398
-0.000835012
-0.0047178
-0.00735021
-0.00715958
-0.00827985
-0.00452217
0.000914375
0.00333993
-0.000853846
-0.00394121
-0.00690145
-0.00572356
-0.00488301
-0.00292858
-0.000322922
-0.000826875
-0.00290856
-0.00591004
-0.00760696
-0.0108342
-0.00332638
0.00966945
0.00780092
0.00181155
0.00627954
0.00164335
-0.0264767
-0.0289998
-0.0175548
0.00340998
0.0240853
0.0232057
-0.00727923
-0.0248434
-0.0113111
0.00811114
0.00216081
-0.0067277
-0.00217624
-6.02E-05
-0.000637279
-0.00349522
-0.0073173
-0.00668395
-0.00662327
-0.00587304
-0.00539832
-0.00730718
-0.00887083
-0.00638999
-0.00456801
-0.000260471
0.00379544
0.00132301
0.00170092
0.00137455
-0.00181966
-0.00577185
-0.005227
-0.00375726
-0.00415526
-0.0018781
-0.0033304
-0.00761459
-0.00815328
-0.00257213
-0.000454108
-0.000687581
0.00149304
-0.00139047
-0.00516947
-0.00652992
-0.00609549
-0.00548421
-0.00752223
-0.00118999
0.0022273
-0.0020123
-0.00633734
-0.00500644
-0.00339803
-0.00480295
-0.00136896
0.00706466
0.00300337
-0.0332488
-0.00216839
0.0109482
0.00305854
0.00174292
0.00191856
-0.00865234
-0.00639846
-0.00161502
-0.00813584
-0.00384369
0.000105289
-0.004894
-0.00634067
-0.00836795
-0.009129
-0.00540071
0.000935198
0.003411
0.00220836
0.00050403
0.000132581
-0.00333183
-0.00640927
-0.00652271
-0.00746287
-0.00556305
-0.00152771
-0.00281399
-0.000667004
-0.00164508
-0.00492512
-0.00859643
-0.00635921
-0.00055175
-0.00114175
-0.00174366
0.00062229
0.00147715
-0.000984484
-0.00781611
-0.0115734
-0.00654076
-0.000676754
-0.00167051
-0.00269488
0.00159922
0.00177494
-9.79E-05
-0.00366016
-0.00842461
-0.00620873
-0.00556005
-0.00156792
-0.000145079
-0.00104469
-0.00285305
-0.00321322
-0.00836874
-0.0126338
-0.00757255
0.00036794
0.00274677
0.000538229
0.00206494
0.00233097
-0.00300713
-0.00498881
-0.00652357
-0.0104329
-0.00828334
-0.0039483
-0.00145603
-0.00157299
-0.00293854
-0.00256393
0.00115927
0.000494792
-0.00187258
-0.00222191
-0.00557847
-0.00751315
-0.00746707
-0.00707503
-0.0023574
-0.00185188
-0.00456262
-0.00402846
-0.00163954
0.00127257
0.00182614
-0.00229573
-0.00149959
-0.00618951
-0.00757555
-0.00728563
-0.0040742
-0.00242371
-0.000189773
-0.0019385
-0.00222897
-0.0020381
-0.00591657
-0.00843181
-0.00551319
-0.00418794
-0.00120736
0.00803587
0.0138361
0.00188369
-0.00466487
-0.00569497
-0.0309837
-0.0275001
-0.00897818
-0.00156314
0.0238062
0.0286147
0.00792981
-0.0275173
-0.0288578
-0.00835397
0.00351966
0.00658904
0.00586892
0.00252187
0.00115798
-0.00369637
-0.00891125
-0.00689695
-0.00276418
-0.00304826
-0.00639432
-0.00673816
-0.00563701
-0.00669832
-0.00605372
-0.00712218
-0.0074815
-0.000743541
0.00296698
-0.000152579
-0.00136125
0.00172485
0.000362538
-0.00729616
-0.0058176
-0.00259999
-0.0021592
-0.00306842
-0.00568576
-0.00668521
-0.00423095
-0.000506734
-0.000668691
0.00214352
-0.00175026
-0.00429924
-0.00474531
-0.00361966
-0.00409908
-0.00438608
-0.00474784
-0.00500065
-0.00377892
-0.00604817
-0.00518702
-0.00499485
-0.00093471
0.000812979
0.00233487
0.00756949
-0.00124
-0.0427305
0.000547986
0.00699402
0.00698225
0.00330048
0.0011429
0.000120283
-0.0124173
-0.00904957
-5.94E-05
-0.00127822
-0.00402136
-0.00697732
-0.00435659
-0.00388179
-0.00393925
-0.0048988
-0.00531127
-0.00407014
-0.00247215
0.000642183
0.000997178
-0.00299368
-0.00469
-0.00456479
-0.0060403
-0.00520232
-0.00141709
-0.00160601
-0.00289128
-0.00319725
-0.00422236
-0.00352109
-0.00426007
-0.00178295
0.000625229
-0.00223784
-0.00407581
-0.00323332
-0.00219399
-0.00022739
0.000633593
-0.00198887
-0.00421511
-0.0075628
-0.0140795
-0.0105773
-0.00253339
0.00114541
0.00235563
-0.000691022
-0.00121097
0.00135173
-0.00552589
-0.0102506
-0.00841517
-0.00182776
-0.000880199
-0.00109735
-0.00282583
0.00049896
0.000971849
-0.00736153
-0.0101549
-0.00422005
-0.000640931
0.000612406
0.0011949
-0.00116478
-0.00378659
-0.00548388
-0.00897548
-0.00546208
-0.0017105
-0.00216361
-0.00211475
-0.00292756
-0.0072148
-0.00801374
-0.0055221
-0.000906243
0.00226515
0.000950251
-0.00270516
-0.00136903
-0.00418307
-0.00466733
-0.00447531
-0.00296362
-0.000309155
-0.00114776
-0.00244906
-0.00536398
-0.00587072
-0.00343554
-0.00397814
-0.00289338
-0.00519279
-0.00469307
-0.00764334
-0.00275397
0.00137614
-0.00120962
-0.000325504
-0.00155694
-0.00698636
-0.00649497
-0.00599468
-0.0018084
-0.00462095
-0.00642889
-0.00416799
-0.00574921
-0.00242766
0.00886704
0.012414
0.000805648
-0.00576545
-0.000942932
-0.0237307
-0.026755
-0.00435193
0.00135943
0.00575703
0.0149652
0.0042742
-0.00529009
-0.0101908
-0.0124857
0.00366083
0.0021998
-0.00526613
-0.0060714
0.00404386
-0.000485703
-0.00352236
-0.00732593
-0.00890269
-0.00715568
-0.00515164
-0.00313335
-0.00745091
-0.00517398
-0.00425742
-0.00210341
-0.00154179
-0.00075816
0.000847947
0.000178408
-0.00290649
-0.00425902
-0.00674864
-0.00305356
-0.00336458
-0.00530209
-0.00153168
-0.00528391
-0.00357918
-0.000946508
-0.00310409
-0.0025629
-0.00328161
-0.00365729
0.000475664
-0.00211685
-0.00144911
0.00030311
-0.000885329
-0.00299192
-0.00405454
-0.00836148
-0.00760555
-0.00901762
-0.0100086
-0.00415715
-0.00325571
0.00453105
-0.001313
-0.00313085
0.000265747
0.00661921
-0.0216092
-0.0217009
0.0125817
0.000965009
0.0092096
0.00596879
-0.00102202
-0.0094693
-0.016162
-0.00416249
0.000376994
-0.000391216
-0.00195817
-0.0073495
-0.00748994
-0.0036107
-0.0027815
-0.00277672
-0.00138024
-0.00123294
0.00234393
-0.0016403
-0.0044845
-0.00778222
-0.00804565
-0.00718255
-0.00312399
-0.00238906
-0.00463456
-0.00241009
-0.00382007
0.00219212
0.000361569
-0.00144683
0.000214374
-0.00452358
-0.00650878
-0.00379033
-0.0040101
-0.00618465
-0.00274544
-0.00216718
-0.00244805
0.00105025
-0.00148431
-0.00475113
-0.00482502
-0.00590724
-0.00604222
-0.00484975
-0.00166933
0.000219302
-0.00475632
-0.00787795
0.00124435
0.000656354
-0.0171248
0.0117875
0.00193966
-0.00602804
-0.00751216
-0.00826706
-0.00743475
-0.00389865
0.00213953
-0.000386274
-0.00273248
-0.00232831
-0.00152305
-0.00447717
-0.00560615
-0.00376615
-0.0034456
-0.00319293
-0.00377446
-0.00416151
-0.0037584
-0.00269581
-0.00329081
-0.00163643
0.000299776
-0.000542006
-0.00109472
-0.00299371
-0.00660202
-0.00744719
-0.00584374
-0.00642625
-0.00391786
-0.00357553
-0.00399162
-0.00208779
-0.0035265
-0.00313769
-0.00116945
-0.000248542
0.000655452
-0.00255105
-0.00455904
-0.00396176
-0.00196165
-0.00412146
-0.00345454
-0.00522598
-0.0042813
-0.00476514
-0.00231344
-0.00315852
-0.0015512
-0.00137681
-0.000868201
-0.00203909
-0.00344073
-0.00441561
-0.00714931
-0.00467879
-0.00310514
-0.00550375
-0.00520176
-0.00438773
-0.0090301
-0.00906894
-0.000957847
0.0111017
0.0134902
0.00559749
0.00204046
-0.00557506
-0.0334006
-0.0301358
-0.00432753
0.00462604
0.0116966
0.0193232
0.00123418
-0.00627442
-0.0110116
-0.00895006
-4.10E-05
0.0026723
-0.00354042
-0.00442075
0.00148649
-0.00510346
-0.00705267
-0.00940039
-0.00990174
-0.00595088
-0.00398658
-0.00864195
-0.00439346
0.00212452
-0.00256021
-0.00438472
-0.00572802
-0.00209561
0.00596779
0.000558347
0.00365063
0.00236317
-0.00157811
-0.00281114
-0.0120877
-0.0110452
-0.00751941
-0.00377284
-0.00254343
0.00128683
-0.00180204
-0.00431706
-0.00563407
-0.00558855
-0.00201416
-0.00147783
-0.00215064
-0.00162384
-0.00223206
-0.00132999
-0.00387914
-0.00782714
-0.00624943
-0.00448099
-0.00506801
-0.00407904
-0.00143314
-0.00170452
-0.00148311
-0.00159654
0.0100927
-0.00369492
-0.0338832
0.0144672
-0.000107162
0.00185304
-0.0020086
-0.00381516
-0.00628234
-0.00586471
-0.00606233
-0.00528293
-0.00099109
-0.00200648
-0.00594466
-0.0037357
-0.00145064
-0.00393426
-0.00344871
-0.00109369
-0.000743555
-0.00233701
-0.00312172
-0.00395836
-0.00475977
-0.00566696
-0.00343985
-0.00323964
-0.00686939
-0.0099349
-0.00482506
0.000168142
0.00287908
0.00154612
-0.00197125
-0.00435437
-0.0030635
-0.00501074
-0.00356761
0.000443255
-0.00106247
-0.00226868
-0.00234312
-0.0021014
-0.00815138
-0.00829147
-0.00489409
-0.00109906
-0.00164595
-0.00165767
-0.00190087
-0.00811269
-0.00526747
7.68E-05
-0.00112897
-0.00385061
-0.000222476
-0.00224021
-0.00667021
-0.00895177
-0.00811217
-0.00522307
-0.0020502
0.00114069
0.00286203
0.000296732
-0.000978786
-0.000983097
-0.00721478
-0.00732396
-0.00727048
-0.00356226
3.56E-05
-6.87E-05
0.000476037
2.75E-05
-0.0019734
-0.00672423
-0.0101128
-0.0107704
-0.00673132
-0.00367211
0.00294123
-0.00255798
0.0014031
0.00316614
-0.00162172
-0.00128403
-0.00635067
-0.0103366
-0.0108018
-0.0065217
-0.000449555
0.000123835
-0.000365011
-0.00227029
0.000515739
-0.00386495
-0.00539913
-0.00526263
-0.00477374
-0.00182884
-0.000328624
-0.00326465
-0.00291927
-0.0056741
-0.00603542
-0.00637293
-0.0032681
-0.0014617
0.000801366
0.00247005
-0.00442665
-0.00130902
-0.00220727
-0.00283797
-0.00169772
-0.00416444
-0.00345539
-0.00371295
-0.0057479
-0.00862907
-0.0111961
-0.00982792
-0.00824321
-0.0033228
2.25E-05
0.00319134
0.0110829
0.00751797
0.00125854
0.00032564
-0.00162561
-0.0266197
-0.028354
-0.00588091
-0.000307911
0.0229686
0.0219331
0.000540296
-0.0226692
-0.0208442
-0.00106531
0.0115295
-0.00248881
-0.00901989
-0.00581399
-0.00515487
-0.00330775
-0.00242402
0.00061419
-5.62E-05
-0.00264291
-0.00810808
-0.0107767
-0.0118766
-0.0164027
-0.00689246
0.00651367
0.00969472
0.00506086
0.0015387
0.00142982
-0.00158505
-0.0024286
-0.00657385
-0.0101475
-0.00997246
-0.00529959
-0.000609199
-0.0124585
0.00161576
0.00504018
-0.000915777
-0.00462339
-0.00700499
-0.00859008
-0.00659725
-0.0014712
0.00241033
0.00139143
0.000655689
-0.00158753
-0.0027466
-0.00422637
-0.00773279
-0.00934326
-0.00810569
-0.0047335
-0.00261287
-0.00231786
0.00285922
0.0135228
-0.00179463
-0.0388124
0.0137994
-0.00277516
0.00147841
0.000349289
-0.00413226
-0.00651494
-0.00620155
-0.000552233
0.00127644
-0.000945514
-0.00675391
-0.0126
-0.0148587
-0.00513228
0.00328763
0.0025488
0.00367472
0.0017116
-0.00134683
-0.00290491
-0.00680993
-0.00643908
-0.00346769
-0.004425
-0.00534635
-0.00483473
-0.00255005
0.000392861
-0.00473759
-0.00511142
-0.00333262
5.59E-05
0.00110757
-0.00157076
-0.00663677
-0.00341444
-0.00228449
-0.00247889
-0.00627454
-0.0125121
-0.00844072
-0.00131161
0.00332016
0.00346359
2.92E-05
-0.00176739
-0.00452957
-0.00761098
-0.00722703
-0.00477877
3.21E-05
0.000959831
-0.00132131
-0.00295552
-0.00639293
-0.00730999
-0.00843912
-0.00349601
-0.000777358
-0.00027735
0.00224992
0.00234222
-0.00300788
-0.00972307
-0.0102938
-0.00704095
-0.000970868
0.00371312
0.00148642
-0.00210478
-0.00473292
-0.00750006
-0.00814902
-0.00676732
-0.00313759
0.00413023
0.000554194
-0.00287558
-0.00425731
-0.00470019
-0.00526454
-0.00527544
-0.00797391
-0.00373516
0.000671798
0.00113144
-0.00118659
-0.00480739
-0.0059606
-0.00390573
-0.00180348
-0.00116569
0.00120815
0.000121634
-0.00121105
-0.00166533
-0.00446074
-0.00885731
-0.0202985
-0.0152861
-0.000859066
0.00180154
0.00349408
0.00681093
0.00269646
-0.000152343
-0.00249616
-0.0103153
-0.0104182
-0.00518428
-0.000347208
0.00394962
-0.000641272
-0.00556377
-0.00780438
-0.010204
-0.0113319
-0.00728638
-0.00112725
0.0111634
0.00769127
0.00529536
0.00272864
-0.00887556
-0.0315354
-0.0177094
-0.00256289
0.00610639
0.0179325
0.0219758
-0.00858617
-0.0269848
-0.0166184
0.00548374
0.00674338
-0.00346447
-0.00413988
-0.00202526
-0.003168
-0.00595283
-0.00520302
-0.000680703
-0.00306485
-0.0072298
-0.0070137
-0.00724859
-0.00977034
-0.00687904
-0.000767821
0.000741079
0.00227992
0.0013748
0.00300469
-0.000507007
-0.00310484
-0.00527789
-0.00844007
-0.00789214
-0.00649615
-0.00531785
-0.001942
-0.00164015
0.00015665
-0.00327989
-0.00343665
-0.00553306
-0.00414855
0.00333106
0.00350715
-0.00279836
-0.00245844
-0.00394419
-0.00860691
-0.00800822
-0.00348142
-0.002787
-0.00482405
-0.00341737
-0.00245917
-0.00310122
-0.00694322
-0.00705418
-0.00336214
0.010895
0.000293177
-0.0352071
0.0122859
0.00133586
0.00505803
0.000370387
-0.00116631
-0.00299398
-0.00989192
-0.00475313
0.00288736
-0.00543225
-0.00986634
-0.00605302
-0.00492204
-0.0027607
-0.00303814
-0.00165469
0.000364007
-0.00154957
-0.00364863
-0.00668521
-0.00495462
-0.00561704
-0.00350892
-0.000711458
0.00138021
-0.00107787
-0.000502058
-0.00356548
-0.0101213
-0.0110589
-0.00674924
-0.00282559
0.000153455
-0.00130055
0.000577051
0.00129607
0.00249413
-0.000620831
-0.00108361
-0.00243983
-0.00649884
-0.0108261
-0.0115738
-0.00786303
-0.000954545
0.00119129
-0.00197629
-0.0045309
-0.00431195
-0.000143883
0.00107201
-0.00253932
-0.00521297
-0.00463529
-0.00509451
-0.00571985
-0.00123102
-0.00409712
-0.00372235
-0.00179997
-0.00421378
-0.00158753
0.00167285
-0.00212134
-0.00416367
-0.00180454
-0.00107141
-0.00530174
-0.00655855
-0.00307568
-0.00366035
-0.00514584
-0.00722816
-0.00734925
-0.00300921
0.000674774
-6.29E-05
0.00206478
0.000861075
-0.00363888
-0.00553939
-0.00457417
-0.00627635
-0.00725556
-0.00660869
-0.00355299
-0.00106051
0.00100248
-0.00550784
-0.00621438
-0.00147
0.000776197
0.0019132
-0.00184185
-0.00658319
-0.00723809
-0.00636886
-0.00356901
-0.00189482
0.00179927
0.000607036
-0.000867939
-0.00550871
-0.00609753
-0.00580654
-0.0055778
-0.0022656
-0.000122007
-0.00328294
-0.00591436
-0.0106753
-0.00923407
-0.00425077
0.00231308
0.00597175
0.000793972
0.00176517
0.000885063
-0.00847854
-0.0138536
-0.0106264
-0.00310672
-0.00017325
-0.00197419
-0.00117189
0.000308301
0.0106377
0.00871859
-0.00544296
-0.00916474
-0.0103484
-0.0264053
-0.0246428
-0.00082647
0.00586551
0.00847317
0.0188719
0.00667381
-0.0089963
-0.0106678
-0.00619911
-0.00278133
-0.000877585
-0.00637242
-0.00523416
-3.14E-05
-0.000929003
-0.00407798
-0.0058532
-0.00324114
-0.00506371
-0.00806447
-0.00328667
-0.00549654
-0.00770573
-0.00920004
-0.000292048
-0.000109084
-0.00311034
-0.000523513
0.0020562
0.00203519
0.000513052
-3.59E-05
-0.00345717
-0.00866375
-0.0123975
-0.0053376
-0.0063986
-0.00375457
0.000276248
0.00119956
0.000182607
0.000608515
-0.00338882
-0.005483
-0.00669505
-0.00437253
0.00222339
-0.00053023
-0.00130445
-0.000644566
-0.00372577
-0.00791177
-0.00901848
-0.0114185
-0.00913826
-0.00280148
0.00203523
0.00119448
0.00307785
0.00817669
-0.00142492
-0.0373254
0.000941073
0.00545736
0.00245417
0.0032323
0.000312907
-0.00202555
-0.00263169
-0.0109776
-0.0104957
-0.007148
-0.00695608
-0.0016982
0.00239117
-0.00277868
-0.00365799
-0.000411561
-0.00152197
-0.00428137
-0.00518257
-0.00626317
-0.00367184
0.00114123
0.00252999
-4.50E-05
-0.00407273
-0.00457415
-0.00388668
-0.00515369
-0.00420768
-0.00582085
-0.00638222
-0.00502647
-0.00507217
-0.00126147
0.00118758
0.00138024
0.000522602
-0.00108681
-0.0032867
-0.00712903
-0.00952901
-0.00811768
-0.000981102
-0.000649001
-0.00360033
-0.00157303
-0.000694554
-0.0043131
-0.00344412
-0.00405254
-0.00694674
-0.00559138
-0.00624502
-0.00264104
0.00281442
-4.56E-05
-0.00023468
-0.000270552
-0.000497316
-0.00377212
-0.00444939
-0.00714631
-0.0105926
-0.00839568
-0.00536414
-0.0034642
0.000934821
0.000315901
0.000331437
0.000250774
-0.000940592
-0.00592098
-0.00859666
-0.00537171
-0.00452326
-0.00193523
-0.00148161
0.000247662
-0.00170021
-0.00353645
-0.0040618
-0.00585547
-0.00697456
-0.00270196
0.000708195
-0.000734068
-0.00106792
-0.00303469
-0.00709424
-0.0057739
-0.00379541
-0.00391031
-0.00421669
-0.00232608
-0.00226198
-0.00431631
-0.00340724
-0.00336614
-0.00523017
-0.00398545
-0.000290456
7.11E-05
-0.00064398
-0.00276307
-0.00117272
-0.000598569
-0.000616501
-0.00359701
-0.00329356
-0.00560904
-0.00816076
-0.00899103
-0.00638398
-0.00409735
-0.00816641
-0.00427253
0.000510562
-0.00129956
0.000395977
0.00148102
0.00293073
-0.00307658
-0.00635024
-0.00509
-0.00431985
-0.00515788
-0.00256868
-0.00365316
-0.00781115
-0.010152
0.000809599
0.00910716
0.00325697
-0.00221156
0.00105057
-0.0123332
-0.026629
-0.0129291
0.00163355
0.00660409
0.0151186
0.00968249
-0.00608981
-0.00829154
-0.0106411
-0.00460323
0.00396347
-0.00386362
-0.00893626
-0.00255016
-0.00389973
-0.00679675
-0.00494589
-0.00339296
-0.00471441
-0.00467657
-0.00357737
-0.00533661
-0.00425258
-0.00392315
-0.00234095
-0.00396005
-0.000723451
0.00228381
0.000898414
0.00158124
-0.00202573
-0.00535246
-0.00419424
-0.00553665
-0.00495684
-0.00850854
-0.00526545
-0.0017163
-0.000106215
-0.00292511
-0.00181805
-0.00445228
-0.00532534
-0.00168867
-0.000825362
-0.00294075
-0.00161022
-0.00422027
-0.0063803
-0.00419733
-0.00365614
-0.00324347
-0.00106532
-0.00460983
-0.00436319
-0.0053498
-0.00314868
-0.00325089
0.00181522
0.00813201
-0.000578432
-0.0310763
-0.00436422
0.00400754
0.00358246
0.00171452
0.00111955
-0.000900048
-0.00485081
-0.0106491
-0.00827208
-0.00590962
-0.00415279
-0.00138292
-0.000802618
-0.00197331
-0.00137695
-0.00345381
-0.00523261
-0.00290644
-0.00295454
-0.0028864
-0.00453678
-0.00140998
-0.0014507
-0.00263853
-0.000411014
-0.00234367
-0.00365459
-0.00304748
-0.00572299
-0.0063559
-0.00562318
-0.0041295
-0.00754362
-0.00414322
-0.00101974
-0.000667036
0.000609107
-0.00104001
-0.00223384
-0.003008
-0.00238907
-0.00318384
-0.000509234
-0.00340138
-0.00504854
-0.00277053
-0.00265049
-0.00709759
-0.00552567
-0.00489164
-0.00797248
-0.00780489
-0.00458451
0.000626578
0.00140822
-0.00145552
-0.00299971
0.000239657
-0.000587127
-0.00313844
-0.00148656
-0.000546712
-0.00444726
-0.00544524
-0.00577015
-0.00447403
-0.00319114
-0.00320765
-0.0033299
-0.00306968
-0.00354867
-0.00351047
-0.00262964
-0.00309618
-0.00412526
-0.00362328
-0.00243068
-0.00259858
-0.00512828
-0.00330043
0.000437619
-0.00365844
-0.0027503
-0.00297486
-0.00510539
-0.00511148
-0.00774955
-0.00246629
-0.000607734
-0.00265196
-0.00358168
-0.0019984
-0.00376875
-0.00131959
-0.000909033
-0.0024138
-0.00152115
-0.0039306
-0.00381077
-0.00264841
-0.00483599
-0.00500634
-0.00811062
-0.00345636
-0.00387323
-0.00284689
-0.00279499
-0.00595619
-0.000183778
0.000815063
0.000523578
-0.000647902
-0.00424549
-0.00638336
-0.00788589
-0.00155327
0.000669976
-0.00145395
-0.00317273
-0.00453262
-0.00404825
-0.00843806
-0.00846924
-0.0087631
-0.00427271
-0.000825081
0.000767407
-0.00137132
0.00682338
0.0065097
-0.00689196
-0.00455764
0.00483565
-0.0139535
-0.0206401
-0.0150708
-0.000794967
0.0199068
0.0229647
-0.00359139
-0.028332
-0.0132015
0.00032707
0.00594423
-0.00335876
-0.00852456
-0.00437341
0.000257383
-0.00190923
-0.00474772
-0.00199149
0.000405315
-0.00152865
-0.00846615
-0.00646144
-0.00696978
-0.00718357
-0.00822522
-0.00662546
0.00195185
-0.00142382
0.002305
0.000639917
-0.00122337
-0.00261524
-0.00397089
-0.00295018
-0.0029391
-0.0052018
-0.00548485
-0.0024641
-0.00483861
-0.00423802
-0.00236365
-0.00124821
-0.00020971
-0.00518275
-0.0054285
-0.00275905
-0.0018699
-0.000846813
-0.00547467
-0.00114712
-0.00326683
-0.0054821
-0.00636712
-0.00664478
-0.00446327
-0.00202877
-0.00111217
-0.000701818
0.00604738
0.00201574
-0.0247303
-0.0129543
0.0116936
0.00350763
0.000787878
0.00130924
-0.00419894
-0.00780648
-0.00713332
-0.00647814
-0.00458832
0.00184976
-0.00286513
-0.0059852
-0.00799386
-0.00377977
-0.000787057
-0.000518971
-0.00190374
0.000479166
-0.00154858
-0.00863122
-0.0120642
-0.00933064
0.00029737
0.00100996
-0.0042192
-0.00152951
-0.000365559
0.00318815
0.00112671
-0.00474665
-0.00578471
-0.00409636
-0.00473628
-0.00143642
-0.000474617
-0.00925036
-0.00895712
-0.00382836
0.000555116
-0.00156623
-0.00126675
-0.000870347
-0.00183731
-0.00457025
-0.00658723
-0.00448726
-0.00352683
-0.00224085
-0.000579177
-0.00534509
-0.00660532
-0.00722518
-0.000943623
-0.00178197
-0.00272716
-0.000254829
-0.00181122
-0.00329164
-0.005555
-0.000991718
-0.00105189
-0.00234413
-0.0014437
-0.00537987
-0.00556618
-0.00693648
-0.000486048
-0.00359094
-0.00347288
-0.00266103
-0.00245839
-0.00274845
-0.00456348
-0.00202236
-0.00353178
-0.00350417
-0.00483628
-0.00469278
-0.00396352
-0.0034779
-0.000934526
-0.00112645
-0.00358911
-0.00631829
-0.00598894
-0.0051158
-0.000783759
-0.00106347
-0.000356766
-0.000820856
-0.00118928
-0.00616683
-0.00613743
-0.00334
-0.00246837
-0.000274398
-0.00289684
-0.00470411
-0.00291572
-0.00475664
-0.00876459
-0.0052761
-0.00356714
-0.000828111
0.000679736
-0.000112378
-0.00247518
-0.00385509
-0.00520677
-0.00532098
-0.00499935
0.000678385
0.00144537
-0.00213737
-0.00432186
-0.00617872
-0.00358005
-0.00726493
-0.00565109
-0.0052157
-0.0041032
-0.00465165
-0.00658714
-0.00088566
0.0145952
0.00768761
-0.00387201
-0.00120776
-0.00941724
-0.0348915
-0.0168704
0.000296044
0.00256651
0.0206218
0.0245639
-0.000266611
-0.0242304
-0.0184949
-0.00495047
0.00583345
0.00351465
-0.00613408
-0.0077932
-0.00405727
-0.00255605
-0.00933973
-0.00658069
-9.52E-05
-0.000501038
-0.000923994
-0.00714551
-0.00660913
-0.0041881
-0.00270273
-0.0027716
0.000191801
0.000931176
-0.00239868
-0.00267688
-0.00359796
-0.0043924
0.000241374
-0.000659175
-0.00364283
-0.00596061
-0.00778963
-0.00950647
-0.00701026
-0.000390409
-0.00279619
0.00167419
-0.00114862
-0.00528116
-0.00551946
-0.00256241
0.00132997
0.00130676
-0.00223206
-0.00299852
-0.00347708
-0.0056676
-0.00659489
-0.00545473
-0.00463285
-0.00231218
-0.000804777
-0.00466649
-0.00471123
0.00433939
-0.000803622
-0.0260819
-0.00868439
0.0148676
0.00179189
-0.00123254
0.00185912
-0.000664304
-0.00798409
-0.00786778
-0.00369866
-0.00408969
-0.00441209
-0.00391943
-0.00447908
-0.00534331
-0.00484456
-0.000164896
-0.00164085
0.0010557
-0.00166951
-0.00245089
-0.00463287
-0.00572761
-0.00502894
-0.00289283
-7.75E-05
-0.00298321
-0.00621967
-0.00712281
-0.00589759
-0.0067373
-0.00165188
0.00288123
-0.0012287
-0.00372967
-0.00422116
-0.00300847
-0.00399442
-0.000617905
0.000502519
-0.000442857
-0.000598992
-0.00291513
-0.00470544
-0.00476898
-0.00606645
-0.00708441
-0.00490969
-0.00140483
-0.00341589
-0.000487503
-0.00399326
-0.00603797
-0.00516888
-0.00444452
-0.00385232
-0.00217863
-0.000173385
0.000634994
-0.00594416
-0.00669617
-0.00392447
0.000645034
-0.000253947
-0.00520145
-0.00122718
-0.00345123
-0.00145015
-0.00216433
-0.00290052
-0.00495453
-0.00341231
-0.0019172
-0.00496739
-0.00598659
-0.00430719
-0.00328999
-0.00130893
-0.000496364
-0.00399881
-0.00466695
-0.00358083
-0.00510105
-0.00595307
-0.00382985
-0.00292271
-0.00116305
-0.00305481
-0.00534183
-0.0042464
-0.00125667
0.00263558
0.000269241
-0.00290776
-0.00477279
-0.00560166
-0.00599092
-0.00677069
-0.00270465
-5.27E-05
-0.00264732
-0.00444792
-0.00322651
-0.00314662
-0.00147397
-0.00627791
-0.00591066
-0.00610576
-0.0046591
0.00124164
0.00493596
-0.00108855
-0.00629817
-0.00375814
-0.000171062
-0.00472894
-0.00684398
-0.00621449
-0.000633699
-0.000185341
-0.00323397
-0.00375976
-0.00519468
-0.00328651
-0.00351427
-0.00705968
-0.00877585
-0.00497613
-0.0055484
-0.00140993
8.79E-05
0.00989146
0.0149043
0.000644415
-0.00395963
-0.00505126
-0.0280618
-0.0317182
-0.0043088
0.00753197
0.00701328
0.0149115
0.00754825
-0.00987781
-0.0117285
-0.0098593
0.00174275
0.00567165
-0.00108055
-0.00790404
-0.00192103
-0.0041526
-0.00551543
-0.0085009
-0.0103994
-0.00961016
-0.00655101
-0.000497195
-0.000761439
0.00246197
0.00061056
-0.00252382
-0.00211515
-0.00201267
-0.0036971
0.00017979
-0.00163381
-0.00405706
0.000160956
-0.00606171
-0.00650046
-0.0105546
-0.00859429
-0.00518385
-0.00258751
-0.00121304
-0.000722249
-0.0017091
0.00214741
0.000707796
-0.00178392
-0.0035244
-0.00562344
-0.00267895
-0.00338048
-0.00358166
-0.00296408
-0.00632417
-0.00451395
-0.00222009
-0.00269903
-0.00315162
-0.00498677
-0.00706241
-0.00489302
-0.00155235
0.0101041
-0.00497134
-0.0305176
0.0163487
-0.00173285
-0.000861122
0.0017159
-0.000721395
-0.00737369
-0.00714354
-0.00849194
-0.00329207
-0.00101175
-0.00672486
-0.000716489
-0.00548431
-0.00689732
-0.000532599
0.0021023
-0.00179333
-0.00354821
-0.00183839
-0.00476863
-0.00566469
-0.00189741
-0.00183295
-0.00212379
-0.00278005
-0.0044744
-0.00492404
-0.00482542
-0.0049382
-0.00458475
-0.00128164
-0.000810251
-0.00214482
-0.00169326
-0.00145358
-0.00458123
-0.00645019
-0.00440149
-0.000743243
-0.000690898
-0.00118686
-0.00342525
-0.00426571
-0.00400059
-0.0025678
-0.00518644
-0.00570023
-0.00615138
-0.00267134
0.0012682
-0.00108507
-0.00367693
-0.00399017
-0.0066562
-0.00707728
-0.00244576
-0.000290064
-0.00103589
-0.00135631
-0.00354012
-0.00586545
-0.00663889
0.000305974
-0.00175358
-0.00155003
